0.910408682739096
0.926261485268746
0.933984566667314
0.937998554499319
0.940446689686179
0.941844023372165
0.942814075135934
0.943534305083999
0.944062836376465
0.944467086861066
0.944776674088442
0.94502842326881
0.945229621893495
0.945424610754453
0.945586646241317
0.94574491823505
0.945850244722859
0.945947935881415
0.946014812014238
0.946088627800308
0.946165243397205
0.946219209608064
0.94625119359757
0.946307349477154
0.946327210456915
0.946374111564732
0.946400473123566
0.946415903445476
0.946454536272881
0.946478582713197
0.946491618084915
0.946508137538937
0.946516747955085
0.946533415667927
0.946551503244099
0.946559811440344
0.946570406243775
0.946575977354094
0.946583823667087
0.946594161868729
0.946600200564553
0.946613241638539
0.946622365258302
0.946626014706204
0.946633758378473
0.946639677326786
0.946645128689585
0.946645881388216
0.946647768837051
0.946651372666856
0.946658631646819
0.94666606739692
0.946673468933447
0.946680653784
0.946690381843563
0.946690461675239
0.946691801706891
0.946698798382792
0.946700491954707
0.946705162107567
0.946710710408834
0.946718448378841
0.946723882634857
0.94672769744837
0.946740470516023
0.946746606150309
0.946751846529403
0.94675871775553
0.946759191043302
0.946760211748262
0.946764209034178
0.946764368697523
