0.607201905500273
0.609619924301299
0.611653420925962
0.61348265659872
0.615221340484363
0.616723623542656
0.618146175332675
0.619573868886531
0.620784582427062
0.622097586733926
0.623284335209397
0.624540271366197
0.62570016111306
0.626840132302068
0.627927942171213
0.628917876045742
0.629907216625705
0.630816039524058
0.631663799483486
0.632469481196043
0.633190844290549
0.633911254262356
0.634615852154909
0.635231913077625
0.635921948385797
0.63642756335549
0.637080795694842
0.637561287620549
0.638112737391163
0.638562196985775
0.639079555886424
0.639459507769024
0.639966420834213
0.640309402488488
0.64079046625108
0.641141139093468
0.641564885650683
0.641884926521162
0.642242125603614
0.642579570453403
0.64286594172055
0.643225957255694
0.643527016735311
0.643882148548458
0.644109471694033
0.644526433785911
0.644696852556383
0.645085709175856
0.645285088789922
0.64565686842982
0.645877094415428
0.646242709660751
0.6464414435283
0.646779114508572
0.646929720175413
0.647286127892782
0.647454968151279
0.647705945684677
0.647916919759836
0.648103185638652
0.648392407287227
0.648507885881892
0.648748640409138
0.648972439366722
0.64910820881841
0.649356496810952
0.649504072365729
0.649717529841693
0.649951323107293
0.650063606164319
0.650325157728793
0.650476707715174
0.650653492802093
0.650888094855632
0.651007825180621
0.651247645842076
0.651409201873977
0.651585440799813
0.651842040601457
0.651935334564866
0.652180974464635
0.652344165678739
0.652475648187544
0.652706259303681
0.652836011813289
0.652999913146833
0.65322656872136
0.653347051714289
0.653527526047955
0.653700123227277
0.653767622907753
0.653959604221295
0.654133505181485
0.65420941038769
0.654383189937935
0.654554614466446
0.654630070712835
0.654791163663236
0.654943223681151
0.655048984716296
0.655147891778032
0.655306334618252
0.655426959561735
0.655487104407103
0.655624942595303
0.65576881441487
0.655853323584146
0.655932136942357
0.656068476396992
0.656198214968249
0.656263743296913
0.656364402732464
0.656483901058214
0.656597656989534
0.656640092313514
0.656769573943368
0.656892778571889
0.657012431869467
0.657070148700406
0.657181129443848
0.657278675687736
0.657376766258767
0.657431787129971
0.65753031455654
0.657626257713107
0.657733362876715
0.657777354704873
0.657833728324318
0.657936256041693
0.658043965503802
0.658091855102885
0.65814874223854
0.658253112928629
0.65833428332603
0.658383009589569
0.658431437280253
0.658522629678776
0.658599449493961
0.658666054372495
0.658705362933329
0.65878519690492
0.65887078959326
0.658943066257643
0.65897083280945
0.659049301378238
0.659138055125298
0.659212239685597
0.659258882174026
0.659325314291052
0.65939780443147
0.659475705748312
0.659515236038119
0.659580216004773
0.659659612570632
0.659737488578473
0.659769668434764
0.659819853267647
0.659877930476973
0.65994222489959
0.659980351456282
0.660015219386246
0.660084414036726
0.660147783396758
0.660193990496868
0.660216705883665
0.660275700452948
0.660324448357576
0.660377004534673
0.660406422774518
0.660441965427976
0.660495051076902
0.660550909713015
0.660579529801956
0.660607108553576
0.660660998222028
0.660712482250831
0.660761300397139
0.660780175233368
0.660832527287827
0.660874608835843
0.660926670753651
0.660951988933776
0.661000367840428
0.661038881001406
0.661091787653304
0.661117546723728
0.661139280744566
0.661184477318245
0.661224991541648
0.661258570912827
0.661276423301746
0.661318916396288
0.661356255989508
0.661386208286067
0.661399931821795
0.661435658057261
0.661469127572688
0.661511561062707
0.661542536723651
0.661555781772274
