0.499146204942018
0.504693145131172
0.510423516773418
0.517010450225303
0.524822064123378
0.534166655590607
0.545229801110394
0.558297469206515
0.572898635173694
0.587895578490825
0.60241156111537
0.615734917888765
0.627333836814892
0.63704845829914
0.644889332897631
0.651117467664253
0.656123402267656
0.660137679966544
0.663392781442492
0.665928544361347
0.667866119103699
0.669374327038008
0.670706427910092
0.671554909726505
0.67259386403605
0.673425961752927
0.674062086118378
0.674883026963302
0.675426621220588
0.675899603889651
0.6765614462442
0.676885048532584
0.677535228752032
0.678032224536578
0.678354607774346
0.678894577524652
0.67924845635833
0.679525728669546
0.679985003758545
0.680288070902941
0.68053511270181
0.680917115898053
0.68121267176834
0.681404533689408
0.681736779554977
0.682013213367658
0.68216221558033
0.682483874760263
0.682762395282533
0.682862453720809
0.683134266438328
0.683385361897009
0.68343279593396
0.683687265743909
0.683896730631793
0.684052954165324
0.684119777104832
0.684320444360669
0.684510115951969
0.684644371447991
0.684700337188942
0.684883939202749
0.685054555860311
0.685192863182204
0.685217681234282
0.685386296646062
0.685541449681801
0.685682882483068
0.685801047500758
0.685801646113875
0.6859542924572
0.686097741726307
0.686233503475279
0.686357159631186
0.686468550820708
0.686569190632631
0.686664709221365
0.686666498825124
0.686752801632994
0.686837547569869
0.686928196374933
0.686929343716722
0.687017953312448
0.687107450374129
0.687190758099024
0.687272992391788
0.687350258965953
0.687429497258785
0.68750244186099
0.687565980681344
0.687629315562396
0.687695720719846
0.687758198395733
0.687819100860848
0.687882325335927
0.687938489514154
0.687992956888299
0.688054770844575
0.688107596984475
0.688163034537361
0.688215719093465
0.688260776100829
0.688314103285737
0.688359579909131
0.688404863780508
0.688453975914832
0.688503301341808
0.688548540463955
0.688593884306726
0.688635947514898
0.688678953575375
0.688723685050157
0.688770055558429
0.688812945894392
0.688855134180447
0.688897354011081
0.688935753281502
0.688976801561696
0.689016155055227
0.689057753714669
0.689097321967942
0.689138476435951
0.689179056316045
0.689216544828938
0.689254492388587
0.689291427037577
0.689324964777282
0.689359747977059
0.689398371177252
0.689430311514931
0.689465496357712
0.689496830929702
0.689530241207389
0.689563481107689
0.689598756366008
0.689629670955137
0.689659880560053
0.689693483222867
0.689725046309563
0.689758266586271
0.689788380640465
0.689820058351322
0.689851677007789
0.689883817983597
0.689914942013986
0.689944523478547
0.689974728865299
0.690001415932754
0.690029015041581
0.690055596654879
0.690081852001959
0.690107515705113
0.690134047800762
0.690164328931121
0.69019086726229
0.690218059776389
0.690245013138709
0.690268776832042
0.690291776486779
0.690315830316843
0.690339448941917
0.690362046220054
0.690385122352007
0.690408717685478
0.690432537498853
0.690454268952101
0.690476173350236
0.690497824108095
0.690519533553494
0.690541914237866
0.690562387026389
0.690581827280582
0.690600934116083
0.690616939497472
0.69063348315382
0.690650995705096
0.690667335238766
0.69068617743007
0.69070412170173
0.690717795719775
0.690733231098262
0.690747604598653
0.690761899787861
0.690779749425804
0.690792237955155
0.690803994173784
0.69081953702383
0.690832742825193
0.690845807409657
0.690859192574893
0.690871969957094
0.690883318297164
0.690896966456009
0.690909228488041
0.690920817630582
0.690931879685397
0.690944354826649
0.690955736912102
0.690968263771764
0.690983157757484
